1
Decimal: 4281651 (24Bit) Binary: 010000010101010100110011 Tri-State: F00FFFFF0101 PulseLength: 190 microseconds Protocol: 1
Raw data: 5904,148,600,548,224,136,616,144,620,132,616,132,620,148,612,524,236,136,620,556,200,140,616,528,224,156,608,520,236,140,616,512,252,132,620,140,620,520,232,524,240,128,620,140,624,132,616,148,616,

Decimal: 4281660 (24Bit) Binary: 010000010101010100111100 Tri-State: F00FFFFF0110 PulseLength: 190 microseconds Protocol: 1
Raw data: 5900,148,612,520,236,140,620,136,620,132,624,144,608,148,612,624,132,144,616,516,240,140,628,504,236,144,616,520,240,136,616,524,232,144,616,132,628,532,228,520,228,524,240,512,240,140,624,132,624,

2
Decimal: 4281795 (24Bit) Binary: 010000010101010111000011 Tri-State: F00FFFFF1001 PulseLength: 189 microseconds Protocol: 1
Raw data: 5924,120,624,528,248,116,620,140,624,124,668,76,644,116,632,508,252,124,628,504,244,140,612,512,244,144,624,508,240,132,628,496,264,120,652,100,628,136,620,140,616,144,616,136,624,136,620,136,620,

Decimal: 4281804 (24Bit) Binary: 010000010101010111001100 Tri-State: F00FFFFF1010 PulseLength: 190 microseconds Protocol: 1
Raw data: 5920,132,620,516,240,136,632,120,644,108,632,136,628,128,632,512,248,128,616,508,248,132,628,516,240,136,620,516,236,136,640,512,240,508,260,500,228,152,612,144,644,488,248,516,256,100,644,124,632,

3
Decimal: 4282115 (24Bit) Binary: 010000010101011100000011 Tri-State: F00FFFF10001 PulseLength: 191 microseconds Protocol: 1
Raw data: 5928,120,492,644,256,132,632,116,664,72,656,116,636,124,632,520,244,68,3128,40,180,28,712,32,204,32,972,28,984,24,1944,32,2952,24,1064,44,1904,16,1236,12,736,28,1960,32,972,32,308,80,3072,

Decimal: 4282124 (24Bit) Binary: 010000010101011100001100 Tri-State: F00FFFF10010 PulseLength: 191 microseconds Protocol: 1
Raw data: 5972,72,640,512,244,124,644,124,632,132,620,136,628,132,520,236,148,612,540,228,648,492,248,120,632,516,236,136,660,492,232,132,628,124,636,124,636,124,636,120,624,124,660,52,2196,44,1844,104,3008,

4
Decimal: 4283651 (24Bit) Binary: 010000010101110100000011 Tri-State: F00FFF1F0001 PulseLength: 190 microseconds Protocol: 1
Raw data: 5916,132,612,520,252,124,608,148,608,128,636,124,636,124,624,512,240,144,616,520,236,136,624,520,228,528,228,520,248,156,600,520,232,140,620,140,620,132,628,124,640,116,624,148,608,140,624,132,612,

Decimal: 4283660 (24Bit) Binary: 010000010101110100001100 Tri-State: F00FFF1F0010 PulseLength: 190 microseconds Protocol: 1
Raw data: 5920,132,616,524,232,148,616,144,612,132,616,152,604,148,620,520,224,152,612,524,228,144,620,516,236,140,620,520,236,152,608,520,232,144,612,140,616,140,620,136,628,124,632,124,624,136,624,128,620,

5
Decimal: 4289795 (24Bit) Binary: 010000010111010100000011 Tri-State: F00FF1FF0001 PulseLength: 190 microseconds Protocol: 1
Raw data: 5924,112,628,512,256,120,628,148,524,232,156,604,516,244,192,116,652,100,652,528,228,524,240,512,240,140,616,512,248,136,616,520,244,136,628,144,612,120,632,132,632,128,628,128,624,128,252,136,248,

Decimal: 4289804 (24Bit) Binary: 010000010111010100001100 Tri-State: F00FF1FF0010 PulseLength: 190 microseconds Protocol: 1
Raw data: 5908,120,624,520,240,140,616,220,544,124,624,144,620,136,624,512,240,132,628,560,208,128,624,508,236,148,616,512,248,140,616,504,248,136,632,120,632,132,624,36,876,32,3060,40,824,64,4092,36,3132,


